id,EAP,HPL,MWS
id02310,0.2597827613353729,0.00039029517211019993,0.7398269772529602
id24541,1.0,3.8288163750621607e-08,1.13660281186867e-08
id00134,0.010109118185937405,0.9898569583892822,3.400352579774335e-05
id27757,0.9999982118606567,1.729579366838152e-06,2.9677742929834494e-08
id04081,0.9993985891342163,2.2354721295414492e-05,0.0005789861315861344
id27337,0.9999779462814331,9.377496894558135e-07,2.111133471771609e-05
id24265,0.0010550625156611204,0.9988898634910583,5.510619666893035e-05
id25917,0.0003488496586214751,0.9368510246276855,0.0628001019358635
id04951,1.0,4.540869369407119e-08,8.644344795527559e-09
id14549,0.9927268028259277,0.00020140163542237133,0.007071798201650381
id22505,1.820110992412083e-05,1.4087453564570751e-05,0.9999676942825317
id24002,1.3724344398724497e-06,0.9999951124191284,3.437002533246414e-06
id18982,7.664883742108941e-05,0.04038991034030914,0.9595334529876709
id15181,4.8804627112986054e-06,0.9999922513961792,2.901661446230719e-06
id21888,0.9989438652992249,0.0007835861761122942,0.00027252716245129704
id12035,3.945175194530748e-05,4.204456217848929e-06,0.9999563694000244
id17991,0.0014652253594249487,7.931451364129316e-06,0.9985268115997314
id10707,1.0,8.505896431643123e-09,1.7280786579476626e-08
id07101,0.027240164577960968,0.00044801729382015765,0.9723118543624878
id00345,9.514342673355713e-05,0.999893307685852,1.1534427358128596e-05
id05912,0.9999079704284668,3.358401727382443e-06,8.862985851010308e-05
id13443,0.9999892711639404,1.3614931049232837e-06,9.464352842769586e-06
id09248,0.9991697072982788,9.086270438274369e-05,0.0007394489948637784
id17542,0.0018566143698990345,0.9969755411148071,0.0011677680304273963
id06995,6.283030961640179e-05,4.197559064778034e-06,0.9999330043792725
id25159,0.9706371426582336,1.0154621122637764e-05,0.029352717101573944
id25729,0.9807108044624329,0.017269499599933624,0.0020197525154799223
id26949,0.9974870681762695,0.002481732750311494,3.111453406745568e-05
id27191,7.072223525028676e-05,2.9548136808443815e-06,0.9999263286590576
id07668,0.9931035041809082,1.4787843838348635e-06,0.006895141210407019
id02230,1.623751813895069e-05,7.84501935413573e-06,0.9999759197235107
id15553,1.0,1.4673287473954133e-08,1.871080534954217e-08
id25688,3.1322661016019993e-06,0.9999884366989136,8.405489097640384e-06
id17545,0.9999972581863403,2.526767730159918e-06,2.7581759809436335e-07
id13929,0.02512325346469879,0.9673110842704773,0.007565695326775312
id12880,0.9970406889915466,2.1496525732800364e-05,0.002937814686447382
id19282,0.03386461362242699,0.9542521238327026,0.011883239261806011
id14690,3.256247509852983e-05,1.0584229130472522e-05,0.9999568462371826
id17975,2.6713942133937962e-06,0.9999871253967285,1.0226641279587056e-05
id08037,0.999997615814209,2.7272589520066504e-08,2.4382311494264286e-06
id15412,0.00010998353536706418,6.20295895714662e-06,0.999883770942688
id25032,0.15503881871700287,0.011472180485725403,0.8334890604019165
id27165,0.9999997615814209,4.223393545998988e-08,2.0201250094942225e-07
id03327,0.9999990463256836,1.0595370270038984e-07,7.860556934247143e-07
id18515,0.9999979734420776,1.3205793436554814e-07,1.858526616160816e-06
id21003,0.00013566682173404843,4.2361912164778914e-06,0.9998600482940674
id23855,4.61019635622506e-06,0.9999760389328003,1.9338202037033625e-05
id20724,0.988012433052063,0.0028972658328711987,0.009090329520404339
id13303,0.9999994039535522,4.6807511466795404e-07,8.746291513261895e-08
id16521,1.737389311529114e-06,2.652276407388854e-06,0.9999955892562866
id20775,1.0,1.9492151892563925e-08,1.2713673669395575e-08
id13029,0.9999996423721313,3.795576901666209e-07,5.9535992136261484e-08
id14660,0.7803189158439636,0.21832069754600525,0.0013603493571281433
id11028,1.0922968613158446e-05,6.999247830208333e-07,0.999988317489624
id14180,0.9999995231628418,1.5814910625522316e-07,3.011245723882894e-07
id25860,1.0,9.379768961537138e-09,1.070823252291575e-08
id11910,0.9999589920043945,8.34497950563673e-06,3.2677678973414004e-05
id08065,0.00012522512406576425,1.0138559446204454e-05,0.9998645782470703
id22674,0.0002651450631674379,7.45267971069552e-05,0.9996603727340698
id25018,0.9938530921936035,6.269891628107871e-07,0.006146382074803114
id10892,1.7542597561259754e-05,0.9999748468399048,7.625641501363134e-06
id10217,8.751869609113783e-05,0.9999040365219116,8.505928235535976e-06
id12996,0.09796313941478729,0.15287818014621735,0.7491586208343506
id18262,0.998583197593689,0.0014125265879556537,4.327594069764018e-06
id08606,1.8506012793295668e-06,0.9999932050704956,4.923579126625555e-06
id17233,0.9973854422569275,0.00028362564626149833,0.0023309558164328337
id00101,0.9900533556938171,1.8069145880872384e-05,0.00992863904684782
id12225,0.9984347224235535,0.0008245070930570364,0.0007408458041027188
id01364,5.259855242911726e-05,0.9999402761459351,7.204410849226406e-06
id24973,0.9930384755134583,8.175228140316904e-05,0.006879783235490322
id25363,1.0,1.3527544417968329e-08,2.1853921339243243e-08
id10061,0.998883068561554,0.001109125092625618,7.871304660511669e-06
id17673,0.9999055862426758,9.544308340991847e-06,8.481993427267298e-05
id13249,0.002044134307652712,0.002072439296171069,0.9958834052085876
id10107,1.0484798622201197e-05,1.2338093711150577e-06,0.999988317489624
id04403,0.9999998807907104,1.599086374426406e-08,1.6333110863797629e-07
id25728,0.9999783039093018,1.374067437609483e-07,2.1631944036926143e-05
id16184,0.0035680471919476986,9.44519488257356e-05,0.9963375329971313
id03438,0.00014978770923335105,8.219979008572409e-07,0.9998493194580078
id22923,6.194990419317037e-05,0.9999262094497681,1.1793615158239845e-05
id08610,0.9999998807907104,5.324836394038357e-08,1.0360543001297629e-07
id25355,0.029718907549977303,2.723221950873267e-05,0.9702538251876831
id16916,0.9888471364974976,0.011140689253807068,1.2110021998523735e-05
id12793,0.9941127896308899,0.005881663411855698,5.524172593140975e-06
id11859,0.003092912258580327,6.112086703069508e-05,0.9968459010124207
id02434,1.0,1.0652477122619075e-08,8.690286712464967e-09
id27703,9.455305189476348e-06,4.944863121636445e-06,0.9999855756759644
id25212,0.0004323987232055515,0.9995594620704651,8.135226380545646e-06
id11308,0.14153902232646942,0.48854631185531616,0.3699146807193756
id26094,0.9999970197677612,1.05781896309054e-06,1.9277429146313807e-06
id22080,0.9949076771736145,0.005052950233221054,3.938680310966447e-05
id03545,0.9999961853027344,3.8541206777154e-06,3.3085122197462624e-08
id23725,2.3450073058484122e-05,2.2620481558988104e-06,0.999974250793457
id12009,0.9995829463005066,0.00041066089761443436,6.381203547789482e-06
id24241,0.5406000018119812,0.3727937638759613,0.08660620450973511
id03596,0.024112597107887268,0.9758206605911255,6.677773490082473e-05
id10749,0.0005060915718786418,0.9933075904846191,0.006186298560351133
id22794,2.6784337023855187e-06,3.026582362508634e-06,0.9999942779541016
id15482,3.891020969604142e-05,0.9999381303787231,2.3034635887597688e-05
id04833,0.9999901056289673,6.202601070981473e-06,3.6973121950723e-06
id00397,0.0005501020350493491,0.00012574356514960527,0.9993242025375366
id14691,0.7618768811225891,0.00036809907760471106,0.23775501549243927
id05193,0.0001233040529768914,1.512102016931749e-06,0.9998751878738403
id19541,0.9999995231628418,1.8551128277977114e-07,2.0271839673569048e-07
id22166,2.805088570312364e-06,8.237778956754482e-07,0.9999964237213135
id20744,3.408588963793591e-05,4.285314844310051e-06,0.9999616146087646
id10392,1.957826270881924e-06,8.042117087825318e-07,0.9999972581863403
id00770,0.9999996423721313,7.49261062082951e-08,2.1833301389051485e-07
id06018,0.37068742513656616,0.6288416981697083,0.00047082366654649377
id15678,0.9868130087852478,3.8301400309137534e-06,0.013183122500777245
id08305,0.9997156262397766,0.00024099359870888293,4.338391590863466e-05
id08903,0.9973758459091187,4.912953227176331e-05,0.002575110411271453
id14752,0.9999995231628418,9.89881314694685e-08,3.275632138866058e-07
id12468,7.02798024576623e-06,0.9999903440475464,2.631682491482934e-06
id05085,0.9988738894462585,0.000640637706965208,0.0004854413273278624
id21993,0.001321311923675239,5.151240202394547e-06,0.9986735582351685
id15503,0.9997028708457947,0.0002964310406241566,6.705423061248439e-07
id03021,1.7576612663106062e-06,0.9999908208847046,7.373134849331109e-06
id16123,1.0,1.5837247957506406e-08,1.1887211215366733e-08
id19383,1.0,4.8964679422169866e-08,1.738701271847276e-08
id04186,0.9999998807907104,1.2921422154477114e-08,8.112842664331765e-08
id17954,3.606635573305539e-06,5.898151584915468e-07,0.9999958276748657
id12030,0.4566481411457062,0.00010792603279696777,0.543243944644928
id13020,0.9940040707588196,0.005992441903799772,3.55929478246253e-06
id25327,5.515300927072531e-06,0.9999886751174927,5.822385446663247e-06
id16344,7.92005957919173e-05,0.00015681613876949996,0.9997640252113342
id12303,7.54189895815216e-05,0.9999144077301025,1.0085792382596992e-05
id15017,0.9999173879623413,8.246702782344073e-05,1.403982992087549e-07
id22308,5.701978807337582e-05,2.3869961296441033e-06,0.9999406337738037
id06536,1.9979848730145022e-05,7.581181307614315e-06,0.9999724626541138
id19797,0.00046698577352799475,0.9975640773773193,0.0019689968321472406
id06332,0.9958826303482056,0.000138070885441266,0.003979359287768602
id22941,0.09523151814937592,0.0003445467445999384,0.9044239521026611
id13547,7.2584480221848935e-06,0.0007811545510776341,0.9992115497589111
id06928,0.0009239910868927836,3.337516318424605e-06,0.9990726709365845
id12521,0.4372583031654358,0.5626493096351624,9.241242514690384e-05
id25716,0.9929847717285156,2.6324712507630466e-06,0.007012656889855862
id27116,1.3502500451068045e-06,7.02982049460843e-07,0.9999979734420776
id19941,5.217042416916229e-05,0.9999356269836426,1.2102260370738804e-05
id05711,1.3879014204576379e-06,1.634252953408577e-06,0.9999970197677612
id02097,2.5928848117473535e-06,2.140634933311958e-06,0.999995231628418
id03563,2.227044660685351e-06,0.9999935626983643,4.142588750255527e-06
id02295,0.650964081287384,0.3218856453895569,0.027150340378284454
id08179,1.0,8.437771370495284e-09,1.8438683468957606e-08
id05332,5.495409823197406e-06,0.9999853372573853,9.22509116207948e-06
id15697,0.9998942613601685,0.00010523706441745162,4.396163717501622e-07
id17026,0.04583087936043739,0.0005859850207343698,0.9535831212997437
id04243,0.0010194324422627687,0.9989577531814575,2.2721991626895033e-05
id13175,1.0,7.899777720865586e-09,7.3686994284116736e-09
id05387,0.9999998807907104,7.642869093160698e-08,4.186133750749832e-08
id19989,0.9999839067459106,1.4566900063073263e-05,1.5280874094969477e-06
id25173,0.9737482070922852,1.4773863767914008e-05,0.026237009093165398
id08925,4.977017852070276e-06,0.999991774559021,3.270457909820834e-06
id03034,5.553119990509003e-06,0.9999712705612183,2.309701631020289e-05
id13272,1.995347929550917e-06,0.9999903440475464,7.576336884085322e-06
id07956,0.9999998807907104,8.735042200669341e-08,5.182413786997131e-08
id02648,7.41895564715378e-05,0.0002490014594513923,0.9996768236160278
id01778,0.8883733153343201,4.463739969651215e-06,0.11162221431732178
id12846,3.327113063278375e-06,8.897072234503867e-07,0.9999958276748657
id19001,0.999764621257782,7.494226110793534e-07,0.00023467204300686717
id05763,0.9990372657775879,1.4752466768186423e-06,0.0009612975991331041
id15590,2.9529599032684928e-06,1.0522327329454129e-06,0.9999959468841553
id04912,0.9998376369476318,9.56826625042595e-06,0.00015282793901860714
id21201,0.9998632669448853,3.720263521245215e-06,0.00013307748304214329
id13215,0.9999970197677612,1.530910225255866e-07,2.8833615033363458e-06
id15612,4.6253999244072475e-06,0.9999830722808838,1.2265649274922907e-05
id18501,6.448986823670566e-05,1.6845574464241508e-06,0.9999338388442993
id07223,0.20804572105407715,0.5699453353881836,0.22200901806354523
id06707,0.05486583337187767,0.005610217805951834,0.9395239353179932
id05238,1.3666531231137924e-06,0.9999957084655762,2.9825068850186653e-06
id00935,3.044545701413881e-05,0.00012167409295216203,0.9998478889465332
id00110,2.650320493557956e-05,0.9999641180038452,9.463402420806233e-06
id17476,0.9999009370803833,9.858889097813517e-05,4.36828031524783e-07
id15170,0.9999997615814209,8.208613877513926e-08,7.169095539438786e-08
id13397,0.36880654096603394,0.00031494194990955293,0.6308785676956177
id24283,0.999995231628418,4.500207523960853e-06,2.566688976912701e-07
id15234,0.9999973773956299,2.4785609298305644e-07,2.395126330156927e-06
id16884,0.00013359713193494827,0.9997760653495789,9.03908148757182e-05
id07831,1.8682594600250013e-05,0.9999563694000244,2.4942633899627253e-05
id16038,0.999993085861206,5.751396201958414e-06,1.143809754466929e-06
id03629,0.9999958276748657,8.901129149307963e-07,3.341562432979117e-06
id21019,0.9268304705619812,0.01991472952067852,0.05325490981340408
id21835,0.9996559619903564,2.066667548206169e-05,0.00032346221269108355
id04480,2.1313933757483028e-05,0.9999721050262451,6.58975841361098e-06
id20838,1.1460059795354027e-05,0.999982476234436,6.065618435968645e-06
id24195,0.39693543314933777,0.030444858595728874,0.5726197361946106
id05448,0.9999876022338867,1.202924431709107e-05,4.037598841932777e-07
id15957,2.383919490966946e-05,0.9999502897262573,2.588665665825829e-05
id19956,2.074813164654188e-05,1.1568527042982168e-06,0.9999780654907227
id15104,2.587344170024153e-05,0.9998660087585449,0.00010811767424456775
id17559,0.9892618656158447,0.0005096597597002983,0.010228490456938744
id16839,0.21060335636138916,0.0002924238797277212,0.7891042232513428
id14493,0.00025983055820688605,3.424494479986606e-06,0.9997367262840271
id08833,1.9172577594872564e-05,1.3233114941613167e-06,0.9999794960021973
id15723,0.15349967777729034,0.002426919061690569,0.8440733551979065
id02716,0.9999996423721313,3.921974212062196e-07,5.104967470970223e-08
id06689,1.1389382962079253e-05,0.9999740123748779,1.454013636248419e-05
id18837,0.9995118379592896,3.901774050518725e-07,0.0004878220788668841
id04466,0.9999994039535522,5.142516101841466e-07,1.284761168562909e-07
id00686,0.9999997615814209,2.564923988757073e-07,3.747540233689506e-08
id09010,0.12778373062610626,0.8720055818557739,0.0002106703323079273
id23353,0.9999985694885254,6.937658270089742e-08,1.3118293509251089e-06
id00066,0.9956235289573669,0.004364319611340761,1.2255717592779547e-05
id15724,3.928167643607594e-05,0.9999123811721802,4.8243662604363635e-05
id23486,0.9805942177772522,1.7787059505280922e-06,0.019404079765081406
id22258,2.198813672293909e-05,1.3438290125122876e-06,0.999976634979248
id02292,0.9947118759155273,0.004038932733237743,0.0012492106761783361
id16356,0.0002153039094991982,9.228416274709161e-06,0.9997754693031311
id00235,0.0004412130801938474,0.9994704127311707,8.836594497552142e-05
id25522,0.00019595975754782557,1.5434301531058736e-05,0.9997885823249817
id04204,7.383308457065141e-06,0.9999821186065674,1.0493848094483837e-05
id22016,0.9376918077468872,0.002335225697606802,0.05997289717197418
id06480,3.3452304251113674e-06,0.9999914169311523,5.295667506288737e-06
id08718,0.0001935631298692897,3.948702669731574e-06,0.9998025298118591
id05251,4.229937985655852e-06,0.9999821186065674,1.376671116304351e-05
id03359,0.9999039173126221,8.059263200266287e-05,1.5538480511168018e-05
id16117,0.00023287198564503342,1.640300638428016e-06,0.9997654557228088
id17000,4.573586465994595e-06,0.9999874830245972,7.961367373354733e-06
id01730,6.0613721871050075e-05,0.9999206066131592,1.8756958525045775e-05
id00630,0.9996798038482666,0.0003193762095179409,8.204199275496649e-07
id18175,0.26335734128952026,0.0001344733318546787,0.7365082502365112
id00907,0.9999771118164062,1.91955018635781e-06,2.094043702527415e-05
id18251,2.264742761326488e-06,0.9999927282333374,5.055173005530378e-06
id25861,0.8568356037139893,0.140908345580101,0.0022560039069503546
id00398,0.9999356269836426,6.0125032177893445e-05,4.246729531587334e-06
id27573,1.0,1.0442574804869764e-08,1.6328728591474828e-08
id10022,0.0002520538691896945,0.9729515314102173,0.02679649367928505
id15901,4.150378663325682e-05,7.952006058076222e-07,0.9999576807022095
id00451,3.478626240394078e-05,1.6439335013274103e-06,0.9999635219573975
id23129,4.868734322371893e-06,0.9999855756759644,9.552612027619034e-06
id26498,0.9978821873664856,0.00017385571845807135,0.001943854265846312
id14741,0.9999961853027344,1.4723696040164214e-06,2.4283165203087265e-06
id18453,0.1567162275314331,3.390567871974781e-05,0.8432499170303345
id08309,0.9999988079071045,8.898778673938068e-07,4.06871009772658e-07
id00320,1.0,2.7293783233517388e-08,1.505199875850849e-08
id07688,0.00013713784574065357,4.166279722994659e-06,0.9998586177825928
id01556,9.36189553613076e-06,8.08974164101528e-07,0.9999898672103882
id00178,0.2833488881587982,0.0018935035914182663,0.7147575616836548
id18902,1.1028730114048813e-05,6.32012552159722e-06,0.9999825954437256
id27002,0.7222157716751099,0.26244860887527466,0.015335540287196636
id21418,1.0,1.4062611519705115e-08,1.7749194114458078e-08
id23018,0.08056684583425522,0.014001397415995598,0.9054317474365234
id07032,0.0006740910466760397,3.1694307836005464e-05,0.9992941617965698
id16195,0.9964660406112671,3.996361101599177e-06,0.0035299311857670546
id11202,0.0005840219673700631,0.00048826372949406505,0.998927652835846
id09578,0.6347789764404297,0.001523940940387547,0.36369702219963074
id26984,0.8857218623161316,0.00019207806326448917,0.11408611387014389
id19856,1.9925287233490963e-06,0.9999945163726807,3.483878117549466e-06
id12086,0.4280945956707001,0.000488025281811133,0.5714173316955566
id12052,2.3784958102623932e-05,5.287025487632491e-06,0.9999709129333496
id17728,2.624614580781781e-06,1.2663587085626204e-06,0.9999960660934448
id24608,0.9999936819076538,3.119523398709134e-06,3.1802740068087587e-06
id21097,0.9999034404754639,4.254396117175929e-06,9.222599328495562e-05
id20179,1.272171402888489e-06,8.073467938629619e-07,0.9999979734420776
id15144,0.00938277319073677,0.9885462522506714,0.002070953603833914
id00206,0.999992847442627,6.609677257074509e-06,5.38545236850041e-07
id22285,0.01302160695195198,8.749215339776129e-06,0.9869695901870728
id06417,2.4711813239264302e-05,0.9999213218688965,5.404133480624296e-05
id00215,7.013500635366654e-06,0.9999830722808838,9.83788413577713e-06
id04201,0.00011214955884497613,8.852570317685604e-06,0.999879002571106
id21771,0.99967360496521,0.00024387548910453916,8.254345448222011e-05
id12451,0.0005400067311711609,8.092136704362929e-05,0.99937903881073
id14250,2.1254221792332828e-05,0.9993764758110046,0.0006023611640557647
id03433,3.4023046282527503e-06,0.999985933303833,1.0552224011917133e-05
id03303,0.0003832327201962471,8.333521691383794e-06,0.9996084570884705
id25901,0.010297051630914211,0.00012807648454327136,0.9895748496055603
id06945,0.9999791383743286,4.852323627346777e-07,2.0436344129848294e-05
id05664,0.06489582359790802,0.934928834438324,0.0001752733951434493
id05741,0.9999901056289673,9.9392354968586e-06,3.512272073180611e-08
id10652,0.9995446801185608,0.00019882639753632247,0.0002563775342423469
id16300,0.9999963045120239,3.4953959584527183e-06,2.272512489298606e-07
id12319,0.02217484451830387,0.000628211535513401,0.9771968722343445
id07500,1.594563173057395e-06,0.9999958276748657,2.6306984182156157e-06
id12478,0.0191415473818779,0.041024114936590195,0.9398343563079834
id03076,0.001463433145545423,9.962723197531886e-07,0.9985355138778687
id00969,0.0003376660752110183,0.9990829229354858,0.000579476822167635
id23636,7.790776726324111e-05,0.9998282194137573,9.383741416968405e-05
id09791,0.0002524229930713773,0.0003114898281637579,0.99943608045578
id05680,8.639664883958176e-06,0.9998394250869751,0.00015200910274870694
id03672,7.269277375598904e-06,0.9999163150787354,7.635896326974034e-05
id04286,6.19801357970573e-06,0.9999682903289795,2.5534216547384858e-05
id23883,1.922954197652871e-06,2.0267179934307933e-06,0.9999960660934448
id11914,0.09596043825149536,0.00013209394819568843,0.9039074182510376
id20974,2.177788928747759e-06,0.9999938011169434,4.0501599869458005e-06
id26125,4.3853189708897844e-05,4.945158798363991e-05,0.9999066591262817
id15543,0.00029046551208011806,2.122105797752738e-06,0.9997074007987976
id19471,0.9999972581863403,5.402438318924396e-08,2.791310180327855e-06
id11503,0.9998538494110107,0.00013217782543506473,1.3956000657344703e-05
id09321,6.369236416503554e-06,0.9999468326568604,4.685779640567489e-05
id25560,8.265965902864991e-07,1.1301630138405017e-06,0.9999980926513672
id06726,0.0015580785693600774,0.0032770875841379166,0.9951648712158203
id05709,0.999971866607666,7.742513474795487e-08,2.8053393180016428e-05
id09788,0.0011583270970731974,0.9987347722053528,0.00010696715617086738
id05289,0.9999963045120239,3.732433242475963e-06,1.801839211168499e-08
id11815,3.1918207241687924e-06,0.9999910593032837,5.675159627571702e-06
id22422,0.8017029762268066,0.17284390330314636,0.0254531167447567
id25954,0.9999960660934448,1.5643327344605495e-07,3.8345096982084215e-06
id13601,0.9659697413444519,0.023594656959176064,0.01043560728430748
id05677,0.9999910593032837,5.875879764971614e-07,8.402336789004039e-06
id10498,2.4267667413369054e-06,0.9999948740005493,2.683661250557634e-06
id02665,0.019489973783493042,0.9803524017333984,0.00015764239651616663
id10114,5.239776783128036e-06,0.9999632835388184,3.145890514133498e-05
id26314,0.9999994039535522,9.510919340982582e-08,5.294949119161174e-07
id21240,0.8435542583465576,0.07421667128801346,0.08222910016775131
id15569,0.9999996423721313,1.821928066192413e-07,1.1900370111561642e-07
id25928,0.00011650947999441996,9.28937424760079e-06,0.9998742341995239
id22706,3.2068348900793353e-06,0.9999938011169434,3.0392527605727082e-06
id20877,3.573285084712552e-06,0.999961256980896,3.515694697853178e-05
id04318,0.9999057054519653,5.5365992011502385e-05,3.9027276216074824e-05
id18299,0.00013239811232779175,0.9967949986457825,0.003072654129937291
id08126,7.918886694824323e-06,9.51275069382973e-07,0.9999911785125732
id14293,0.4762055575847626,7.299491244339151e-06,0.5237871408462524
id12759,0.9999333620071411,6.61948142806068e-05,4.2691814883255574e-07
id11983,0.9999740123748779,1.0864654541364871e-05,1.512540620751679e-05
id05580,8.813477325020358e-05,0.9998853206634521,2.6535233700997196e-05
id25846,0.06609178334474564,0.9332336783409119,0.0006745544960722327
id01939,0.00048168914509005845,6.782405307603767e-06,0.9995114803314209
id26327,0.0005030003376305103,0.015798714011907578,0.9836982488632202
id11068,4.065105713380035e-06,7.827185868336528e-07,0.9999951124191284
id08404,0.9999681711196899,2.634106124332902e-07,3.1535717425867915e-05
id27189,0.9852521419525146,0.014742575585842133,5.2854079513053875e-06
id15119,3.7951037938910304e-06,0.9999841451644897,1.2070688171661459e-05
id26525,0.9999990463256836,7.311091394512914e-07,2.573318624854437e-07
id03618,0.9999887943267822,8.22597667138325e-06,2.937389808721491e-06
id27220,1.0,1.2513129199476225e-08,3.5093535188934766e-08
id18777,0.0005115958047099411,4.5678727474296466e-05,0.9994427561759949
id20213,0.9987161159515381,0.0007705260650254786,0.0005133583326824009
id20403,0.9999874830245972,1.1370555512257852e-05,1.1397723937989213e-06
id03777,0.9264628887176514,0.00019902938220184296,0.07333812862634659
id10595,0.0001512387243565172,0.999836802482605,1.1976839232374914e-05
id13816,0.9876255393028259,7.349641464315937e-07,0.012373778969049454
id05667,5.511121798917884e-06,8.350032771886617e-07,0.9999936819076538
id24629,0.5068397521972656,0.001539496355690062,0.491620808839798
id20398,1.4817203918937594e-05,7.323402769543463e-06,0.9999778270721436
id14108,2.4378330181207275e-06,1.1013089533662423e-06,0.9999964237213135
id06196,4.560658908303594e-06,0.9999788999557495,1.6528856576769613e-05
id02800,5.094538937555626e-05,0.9997261166572571,0.00022300255659502
id18732,6.283459242695244e-06,0.9999873638153076,6.309743184829131e-06
id11915,1.7047813116732868e-06,0.9999926090240479,5.759275154559873e-06
id09739,0.9880470037460327,0.011913996189832687,3.89854540117085e-05
id24672,0.9999967813491821,3.157819492116687e-06,6.543633901401336e-08
id00414,2.0712393506983062e-06,1.0469066182849929e-06,0.9999969005584717
id16307,0.9999794960021973,1.9709586922544986e-05,8.843497880661744e-07
id14043,0.0020035060588270426,5.551406047743512e-06,0.9979909658432007
id00517,8.652407927911554e-07,6.038580409040151e-07,0.9999985694885254
id09744,0.9989885687828064,0.001010665437206626,7.315358629966795e-07
id19257,0.9999996423721313,1.9270355267053674e-07,1.2940738258748752e-07
id15437,0.2669582962989807,0.7329766750335693,6.498849688796327e-05
id16352,7.731825462542474e-05,2.4748944724706234e-06,0.9999202489852905
id18849,0.0015976070426404476,6.921808562765364e-06,0.9983955025672913
id19434,1.1936867849726696e-06,0.9999963045120239,2.468585989845451e-06
id17928,0.00026827529654838145,1.3502154615707695e-05,0.9997182488441467
id16896,0.00011309910769341514,0.0009422212024219334,0.9989446997642517
id02135,0.10662490129470825,0.8631292581558228,0.030245833098888397
id15075,0.9999350309371948,4.323662869865075e-05,2.1747418941231444e-05
id27486,1.887987309601158e-06,0.9999934434890747,4.592013738147216e-06
id19422,0.9999995231628418,2.9783726063215e-07,2.0752118246036844e-07
id09603,1.938745117513463e-05,0.9999512434005737,2.9341201297938824e-05
id02133,9.67839514487423e-06,0.9999768733978271,1.3492426660377532e-05
id03441,0.9999895095825195,4.293700044399884e-07,1.0040194865723606e-05
id02398,3.612616183090722e-06,0.9999895095825195,6.906173894094536e-06
id05152,1.0128521353180986e-05,5.830893769598333e-06,0.9999840259552002
id17838,0.9907732009887695,3.4347622204222716e-06,0.00922340713441372
id25060,0.9999996423721313,3.81234059432245e-07,1.9535690398697625e-08
id09998,3.7512647395487875e-05,4.858171905652853e-06,0.9999576807022095
id01828,1.8224227460450493e-05,0.9999285936355591,5.310544656822458e-05
id25377,0.9998719692230225,1.881618118204642e-06,0.00012612772115971893
id22175,3.700033175846329e-06,0.9999914169311523,4.836193056689808e-06
id02974,6.0013749134668615e-06,3.2061741421784973e-06,0.9999908208847046
id26955,1.0,4.2910166087040125e-08,9.63519042329608e-09
id21091,0.9999998807907104,1.491458760938258e-07,2.0162362446285442e-08
id12802,0.9999992847442627,3.1054190685608773e-07,3.2151220352716336e-07
id07432,1.5801941799509223e-06,0.999993085861206,5.329733539838344e-06
id18749,7.005190582276555e-06,0.9999514818191528,4.14262613048777e-05
id15030,2.6485774924367433e-06,3.1081458473636303e-06,0.9999942779541016
id17155,4.820836238650372e-06,0.999975323677063,1.9905333829228766e-05
id08128,1.0027276402979624e-05,0.9997949004173279,0.00019512424478307366
id25706,3.356376055307919e-06,0.9999521970748901,4.440477641765028e-05
id15645,0.999997615814209,2.220473106717691e-06,1.461924625800748e-07
id04943,0.9999964237213135,3.3907051602000138e-06,2.937315457529621e-07
id27566,1.9621659248514334e-06,1.0791641216201242e-06,0.9999969005584717
id11765,0.00013394313282333314,4.003366939286934e-06,0.9998620748519897
id13783,0.3011278212070465,0.697356641292572,0.001515545998699963
id00492,7.020735210971907e-06,1.1835745681310073e-06,0.999991774559021
id27636,0.9999704360961914,1.9938694094889797e-05,9.633964509703219e-06
id04273,0.9999991655349731,6.085376185183122e-07,2.508446925730823e-07
id02537,0.6785272359848022,0.12666380405426025,0.1948089599609375
id24349,0.9998149275779724,0.00018468602502252907,3.7562307397820405e-07
id00023,1.7206126585733728e-06,0.9999922513961792,6.062352895241929e-06
id23025,6.7349606069910806e-06,0.9999892711639404,3.99527471017791e-06
id08722,0.9997501969337463,0.00023805587261449546,1.1828876267827582e-05
id02420,1.0,1.0549116247204893e-08,1.301760299554644e-08
id10811,0.9999991655349731,5.220300067776407e-07,4.118604408631654e-07
id04019,4.250116035109386e-05,1.4822751381871058e-06,0.9999560117721558
id18334,0.9999969005584717,2.738884631980909e-06,4.089299920906342e-07
id16781,0.37791377305984497,0.5462567210197449,0.07582956552505493
id08773,0.9866589307785034,0.01333268079906702,8.311967576446477e-06
id19214,0.4088403880596161,1.8940731024486013e-05,0.591140627861023
id09589,2.2579981759918155e-06,0.9999799728393555,1.780924321792554e-05
id24246,0.9999397993087769,6.0049529565731063e-05,1.5125364427603927e-07
id23577,0.9998394250869751,0.00015963587793521583,9.582669235896901e-07
id09305,0.9803224205970764,0.0027471082285046577,0.016930505633354187
id16460,0.999774158000946,0.00014796924369875342,7.784242916386575e-05
id21115,0.9999991655349731,3.1838342806622677e-07,4.900539920527081e-07
id25996,0.20123538374900818,0.09691592305898666,0.7018486857414246
id02551,3.597348040784709e-06,2.1654655029124115e-06,0.9999942779541016
id19352,1.1220208762097172e-05,1.4369785503731691e-06,0.9999873638153076
id03806,0.00017986285092774779,2.333928705411381e-06,0.9998177886009216
id26544,0.999997615814209,3.4303815255043446e-07,2.0566571947711054e-06
id18761,0.9999997615814209,8.714240351537228e-08,1.1369435526376037e-07
id24148,7.813889533281326e-05,0.9999057054519653,1.604513636266347e-05
id16095,1.845022416091524e-05,0.9997983574867249,0.00018323578115087003
id18442,0.9999992847442627,3.0495806413455284e-07,3.6670638792202226e-07
id22596,6.110160484240623e-07,3.9430338460988423e-07,0.9999990463256836
id23002,2.902368396462407e-05,4.546024683804717e-06,0.9999663829803467
id04797,1.0,3.706107065681863e-08,4.776595829980579e-08
id06610,0.0028210473246872425,1.754610707394022e-06,0.997177243232727
id16173,0.19346678256988525,0.7639870047569275,0.04254623129963875
id18292,0.0017751107225194573,0.00033707209513522685,0.9978877902030945
id27328,0.9999996423721313,2.470460458425805e-07,1.0014753826226297e-07
id01695,2.120654016835033e-06,0.9999938011169434,4.00522685595206e-06
id05761,0.9983559250831604,1.6663964288454736e-06,0.0016423428896814585
id16354,0.9999978542327881,3.928956289200869e-07,1.7612292140256613e-06
id12207,9.411166502104606e-06,1.1066604201914743e-05,0.9999794960021973
id05665,5.557542681344785e-05,1.5698664128649398e-06,0.9999428987503052
id01911,0.9999977350234985,1.2907318023280823e-06,9.876433750832803e-07
id19153,3.942905095755123e-06,1.4690082252855063e-06,0.9999946355819702
id10295,0.0026958792004734278,0.0005741235218010843,0.9967299699783325
id23038,0.00016705572488717735,0.9997668862342834,6.604217924177647e-05
id23783,0.00015106714272405952,0.9998394250869751,9.58950386120705e-06
id27879,3.492381438263692e-05,0.999958872795105,6.2546432673116215e-06
id19190,7.903520599938929e-05,0.9999127388000488,8.230128514696844e-06
id05065,0.9999991655349731,6.800595286904354e-08,7.678805218347406e-07
id21296,2.3471902750316076e-05,0.999942421913147,3.412905061850324e-05
id13262,0.002616978483274579,4.304635513108224e-05,0.9973400235176086
id10333,0.9999984502792358,1.0833274473043275e-06,5.088700163469184e-07
id16677,0.9899693131446838,0.010020352900028229,1.0333428690501023e-05
id01392,0.00899792741984129,6.447151099564508e-05,0.9909375905990601
id27874,0.9995354413986206,0.00032670647487975657,0.0001379144232487306
id02294,0.0003472740645520389,0.9973300695419312,0.002322685206308961
id18298,3.4368909837212414e-05,1.672806206443056e-06,0.9999639987945557
id06997,0.9999998807907104,8.545252683234139e-08,4.2410889022903575e-08
id05243,0.06026235222816467,0.03736080229282379,0.9023768305778503
id00860,7.661135896341875e-06,0.9999666213989258,2.577801569714211e-05
id26681,0.9999990463256836,8.077635129666305e-07,1.3324114433999057e-07
id06020,1.222048695126432e-06,8.456041769022704e-07,0.9999979734420776
id27683,0.9993023872375488,7.495785393984988e-05,0.0006226911209523678
id17655,1.7834123582360917e-06,0.9999946355819702,3.582272256608121e-06
id08817,0.6370207667350769,1.6446960216853768e-05,0.3629627227783203
id11512,1.8359620526098297e-06,1.867166361080308e-06,0.9999963045120239
id00478,0.0011542033171281219,1.599804818397388e-05,0.9988297820091248
id02116,0.9998458623886108,0.00015258467465173453,1.5219429769786075e-06
id06746,0.9999994039535522,2.7983620043414703e-07,3.502773040509055e-07
id03863,0.5055035948753357,0.47196340560913086,0.02253294549882412
id01802,0.00011586476466618478,2.6788106879394036e-06,0.999881386756897
id11682,0.9999995231628418,3.609759247069633e-08,4.233048400692496e-07
id04033,2.5740760065673385e-06,0.9999904632568359,6.914497134857811e-06
id09286,0.0016020230250433087,0.9979318380355835,0.00046608105185441673
id12904,0.9999163150787354,8.322802750626579e-05,4.672539546390908e-07
id07420,1.2768554142894573e-06,1.0498118854229688e-06,0.999997615814209
id22398,1.1904309076271602e-06,0.9999963045120239,2.4845567168085836e-06
id00424,1.3473011676978786e-05,1.0700615575842676e-06,0.9999854564666748
id20960,0.999996542930603,3.2655866561981384e-06,1.827726521241857e-07
id10267,0.9889278411865234,0.0017327966634184122,0.009339476004242897
id19330,0.9992120265960693,6.026285745974747e-07,0.0007873363792896271
id00994,2.155463562303339e-06,0.9999872446060181,1.0665307854651473e-05
id10785,0.018610544502735138,0.9809189438819885,0.00047057931078597903
id00955,1.4914845451130532e-05,0.9999723434448242,1.2764621715177782e-05
id09757,3.351501618453767e-06,0.9999912977218628,5.406463060353417e-06
id10030,0.4928860664367676,0.004581918008625507,0.5025320649147034
id22952,2.7360300009604543e-05,1.2897114174847957e-05,0.9999597072601318
id21955,1.489309852331644e-06,1.7958818716579117e-06,0.9999966621398926
id07674,0.9999212026596069,1.4095870028540958e-05,6.468362698797137e-05
id13760,7.320028817048296e-05,0.9999217987060547,5.028408395446604e-06
id18166,0.9999998807907104,2.137864107965015e-08,1.493229291327225e-07
id23498,0.9999749660491943,2.0972147467546165e-05,4.045543391839601e-06
id05296,0.9999990463256836,6.302001338553964e-07,3.0570956255360215e-07
id26709,0.9979730248451233,1.3939044265498524e-06,0.002025599591434002
id02853,0.9999998807907104,1.606087067784756e-07,2.8956762321286078e-08
id06800,0.9614861607551575,0.0026056424248963594,0.035908292979002
id14758,0.9999996423721313,3.217392929855123e-07,2.88209314192045e-08
id12356,0.9999997615814209,8.140121110500331e-08,7.128313228577099e-08
id21492,0.9997250437736511,1.6580654119024985e-05,0.00025838910369202495
id27540,0.00028849122463725507,0.0025536406319588423,0.9971579313278198
id07376,3.9484289118263405e-06,0.999985933303833,1.0132646821148228e-05
id15201,0.9978882670402527,0.0020984027069061995,1.3273325748741627e-05
id23388,4.487926617002813e-06,0.9999595880508423,3.5868011764250696e-05
id13923,4.685714429797372e-06,0.9999867677688599,8.556427019357216e-06
id00794,2.282997911606799e-06,0.9999920129776001,5.711728590540588e-06
id23910,0.5336146354675293,0.0040901596657931805,0.46229517459869385
id02556,6.12369694863446e-05,0.00022447860101237893,0.9997143149375916
id22151,2.290685188199859e-06,0.9999927282333374,5.0191065383842215e-06
id11698,0.03690453618764877,0.9129730463027954,0.050122447311878204
id11627,0.027603622525930405,3.4760301787173375e-05,0.9723615646362305
id06340,1.0,3.322335828670475e-08,3.7508378625261685e-08
id05123,0.9997285008430481,6.046597718523117e-06,0.00026542271370999515
id26620,3.5849452615366317e-06,6.985196137065941e-07,0.9999957084655762
id04002,3.000392644025851e-05,5.9155768212804105e-06,0.9999641180038452
id26554,0.1673399955034256,0.6155220866203308,0.21713785827159882
id18012,1.444352983526187e-05,0.999942421913147,4.310849180910736e-05
id12964,0.0001576944050611928,5.998599226586521e-05,0.999782383441925
id18965,1.4179950994730461e-05,0.02316609025001526,0.9768196940422058
id19082,0.0001809457316994667,4.948501100443536e-06,0.9998140931129456
id26742,2.718787300182157e-06,8.812388045953412e-07,0.9999964237213135
id15442,5.914469966228353e-06,0.9999867677688599,7.242628726089606e-06
id16647,0.9997329115867615,1.533852810098324e-06,0.00026556034572422504
id11544,0.0003808827605098486,2.1069877220725175e-06,0.9996169805526733
id20581,0.052946269512176514,0.0342092327773571,0.9128444790840149
id13192,0.00013114907778799534,0.9998070597648621,6.18521444266662e-05
id15814,6.330975884338841e-05,0.9996603727340698,0.00027635006699711084
id26279,9.793142453418113e-06,0.9999843835830688,5.886056896997616e-06
id00240,0.999975323677063,1.699301901680883e-05,7.686091521463823e-06
id22836,0.9999990463256836,8.198949217330664e-07,8.153416075629139e-08
id15085,3.2047144031821517e-06,0.9999703168869019,2.6439072826178744e-05
id17495,0.9153980612754822,0.0004944278625771403,0.08410754054784775
id26762,0.9992473125457764,2.066704382741591e-06,0.0007506858091801405
id13685,0.9999990463256836,1.0563482533143542e-08,9.293223683926044e-07
id16560,2.985748324135784e-06,0.999992847442627,4.2045289774250705e-06
id17184,2.208064415754052e-06,0.999991774559021,5.957017492619343e-06
id21635,1.0,1.3743612470307198e-08,2.1104037628560945e-08
id26751,1.075840373232495e-05,0.9999825954437256,6.630892585235415e-06
id12351,0.9995816349983215,9.968064205168048e-07,0.000417467177612707
id14872,0.9991663694381714,0.0005685991491191089,0.00026506863650865853
id18372,0.9999991655349731,6.702243808831554e-07,1.2829744377995667e-07
id26851,0.9857674837112427,0.00017942239355761558,0.014053086750209332
id22659,0.0004151957400608808,0.9995788931846619,5.92888864048291e-06
id04102,3.6397032090462744e-06,1.3249307357909856e-06,0.9999949932098389
id02353,2.9754153274552664e-06,0.9999916553497314,5.396893357101362e-06
id26721,0.9999998807907104,8.272522933339133e-08,2.163167600599536e-08
id11171,0.9997431635856628,1.3302380921231816e-06,0.0002555040118750185
id13562,0.1207338199019432,0.7027791738510132,0.17648707330226898
id26425,0.9440195560455322,0.0012852438958361745,0.054695140570402145
id26394,0.012350778095424175,0.011990368366241455,0.9756587743759155
id22187,0.02540494315326214,0.9699845910072327,0.00461040623486042
id00422,1.0,8.678791019178789e-09,1.0008793793758741e-08
id22667,1.9669648736453382e-06,0.9999953508377075,2.6316329240216874e-06
id00911,0.991259753704071,1.937761771841906e-05,0.008720876649022102
id17291,0.9999581575393677,5.427580163086532e-07,4.121846359339543e-05
id01915,2.5985829779529013e-05,2.133627640432678e-05,0.9999526739120483
id01434,0.0035328988451510668,0.0013170901220291853,0.9951500296592712
id01584,0.8569346070289612,0.024556105956435204,0.11850927025079727
id09266,0.9999998807907104,5.8719738404988675e-08,1.1892544904412716e-07
id17494,6.948069312784355e-06,0.9999865293502808,6.5862031988217495e-06
id24919,0.9931691884994507,0.005601119250059128,0.0012296735076233745
id21043,4.153263034822885e-06,9.485156056143751e-07,0.9999948740005493
id17796,3.23887616104912e-06,0.999991774559021,5.055211659055203e-06
id02166,1.8088834622176364e-05,2.9346674637054093e-06,0.9999790191650391
id17503,0.9999974966049194,4.7360887833747256e-07,2.0264658360247267e-06
id21203,0.9754186272621155,0.006278316490352154,0.018302956596016884
id25626,1.0,1.708014352175269e-08,9.968537995064253e-09
id09836,0.9999970197677612,2.9299635571078397e-06,4.57951756516195e-08
id24202,6.118971214164048e-05,0.002383987884968519,0.9975548386573792
id27260,0.00035495904739946127,4.080831786268391e-05,0.9996042847633362
id23167,1.951389776877477e-06,7.84997268965526e-07,0.9999972581863403
id10393,3.483142427285202e-05,0.9999172687530518,4.788581281900406e-05
id01171,0.9999994039535522,5.564751290876302e-07,1.7849844269335335e-08
id06380,0.9999996423721313,2.4965297029666544e-07,9.432947933873947e-08
id22686,4.050985080539249e-05,7.958166747812356e-07,0.9999586343765259
id26250,0.03159037604928017,0.0005857166252098978,0.9678239226341248
id09315,3.390366327948868e-05,0.9998549222946167,0.0001111534220399335
